spawns: 
  default: 
    world: world
    x: -1375.4092119209797
    y: 126.0
    z: -106.57168692055163
    yaw: -131.85002
    pitch: 90.0
  admin: 
    world: world
    x: -1071.7981262163455
    y: 4.0
    z: 48.61548300508958
    yaw: -162.75009
    pitch: 24.450012
