uuid: 74b74dc2-13e3-4672-b517-f277f4352b9c
timestamps:
  login: 1424016803207
  logout: 1424016967970
ipAddress: 24.224.117.16
lastlocation:
  world: world
  x: -1224.699999988079
  y: -149.27013917365693
  z: -137.21698295939848
  yaw: 69.14987
  pitch: -48.299988
logoutlocation:
  world: world
  x: -1224.699999988079
  y: -208.94002411060896
  z: -137.21698295939848
  yaw: 69.14987
  pitch: -48.599987
