uuid: 811639f8-954d-4699-9240-7cb0fcb98c38
timestamps:
  login: 1424042333369
  logout: 1424042593525
  lastteleport: 1424041929149
ipAddress: 24.224.117.224
lastlocation:
  world: world
  x: -1381.5
  y: 123.0
  z: -109.5
  yaw: 0.0
  pitch: 0.0
logoutlocation:
  world: world
  x: -1394.3921161044814
  y: 125.62871951711413
  z: -115.21072757383287
  yaw: -336.29913
  pitch: 15.299998
powertools: {}
nickname: Dictator
afk: false
