uuid: 7945e418-0d7a-463b-8fe6-a478b54f5728
timestamps:
  login: 1424044602422
  lastteleport: 1424032452972
  kits:
    tools: 1424033463775
    firework: 1424043795245
    dtools: 1424033199144
    notch: 1424033189343
  logout: 1424045505393
ipAddress: 207.6.90.202
lastlocation:
  world: world
  x: -1074.640202981323
  y: 44.77882290792383
  z: -12.276254733442983
  yaw: 96.5216
  pitch: 14.575655
afk: false
powertools:
  '280':
  - mob bat,creeper 10
logoutlocation:
  world: world
  x: 25.351123337177913
  y: 53.587382439689726
  z: -151.7786110238786
  yaw: -337.21338
  pitch: -16.603851
