uuid: 01b2cc07-df4d-4893-9a40-d17ce6c0fe1b
timestamps:
  login: 1424630913346
  logout: 1424630949463
  lastteleport: 1424573575329
ipAddress: 24.224.119.19
lastlocation:
  world: world
  x: -1353.9133104879984
  y: 126.23167402849391
  z: -117.92418340386992
  yaw: -84.45004
  pitch: 32.399998
logoutlocation:
  world: world
  x: 1139.9004359581832
  y: 68.0
  z: 10187.188040842042
  yaw: -278.5502
  pitch: 34.19983
