uuid: ff7491a5-2f34-4328-ba5f-d78991892cd8
timestamps:
  login: 1424483056469
  lastteleport: 1424483064331
  logout: 1424483263224
ipAddress: 24.224.90.101
lastlocation:
  world: world
  x: -1832.9641462454297
  y: 76.0
  z: -935.9661810207477
  yaw: 302.70187
  pitch: 15.449978
logoutlocation:
  world: world
  x: -660.3000000119209
  y: 73.0
  z: 81.29637017794855
  yaw: -122.40157
  pitch: 10.650006
